% -------------------------------------------------------------------
%  Generated by MATLAB on 16-Mar-2016 20:04:45
%  MATLAB version: 8.3.0.532 (R2014a)
% -------------------------------------------------------------------
                                

G1 = reshape([0.17821480333805084 0.2004903256893158 0.023827590048313141 ...
              -0.020875470712780952 -0.03862394392490387 -0.042389564216136932 ...
              0.31951239705085754 0.47509884834289551 0.49250635504722595 ...
              0.457032710313797 -0.019824272021651268 0.16333147883415222 ...
              -0.13543394207954407 -0.36342388391494751 -0.50976204872131348 ...
              -0.580754280090332 -0.10577436536550522 -0.17595426738262177 ...
              -0.093456171452999115 -0.042895857244729996 1.8004277944564819 ...
              1.8287194967269897 1.7398490905761719 1.672832727432251 1.5655052661895752 ...
              1.5214097499847412 1.7417947053909302 1.6722136735916138 ...
              1.5063192844390869 1.4498944282531738 0.1604900062084198 ...
              0.17270383238792419 0.018301850184798241 -0.01810440793633461 ...
              -0.062257245182991028 0.0046781077980995178 0.2932606041431427 ...
              0.42407041788101196 0.45545658469200134 0.45469304919242859 ...
              -0.0098556624725461 0.17253777384757996 -0.1229972168803215 ...
              -0.36465013027191162 -0.53787380456924438 -0.53493058681488037 ...
              -0.11555991321802139 -0.27085399627685547 -0.39691650867462158 ...
              -0.43734323978424072 1.7678472995758057 1.8060241937637329 ...
              1.7210870981216431 1.6647775173187256 1.5630327463150024 ...
              1.5195839405059814 1.6962559223175049 1.5778818130493164 ...
              1.3492628335952759 1.2838749885559082 0.15458567440509796 ...
              0.1787714958190918 0.013913910835981369 -0.032617177814245224 ...
              -0.053691387176513672 -0.057300366461277008 0.29255819320678711 ...
              0.46907570958137512 0.52309215068817139 0.51811647415161133 ...
              -0.021744176745414734 0.16071772575378418 -0.13771325349807739 ...
              -0.36460816860198975 -0.519591212272644 -0.58710598945617676 ...
              -0.116855189204216 -0.22007118165493011 -0.13969647884368896 ...
              -0.095911875367164612 1.7941758632659912 1.8180056810379028 ...
              1.7308673858642578 1.6697652339935303 1.5555676221847534 ...
              1.5112420320510864 1.7409207820892334 1.7202135324478149 ...
              1.548259973526001 1.4804795980453491 0.15050610899925232 ...
              0.17005911469459534 0.021315885707736015 -0.035760816186666489 ...
              -0.054932501167058945 -0.049223672598600388 0.2760918140411377 ...
              0.44422084093093872 0.61705893278121948 0.67120081186294556 ...
              -0.021156052127480507 0.15610592067241669 -0.13746823370456696 ...
              -0.37204843759536743 -0.540971577167511 -0.60156416893005371 ...
              -0.13422189652919769 -0.30611881613731384 -0.24276313185691833 ...
              -0.20691414177417755 1.8102483749389648 1.8483947515487671 ...
              1.7146860361099243 1.6334761381149292 1.5005902051925659 ...
              1.4576025009155273 1.7532510757446289 1.7517263889312744 ...
              1.6418477296829224 1.605303168296814 0.15797640383243561 ...
              0.16332739591598511 0.028920633718371391 -0.0406888909637928 ...
              -0.092514395713806152 -0.10015332698822021 0.27375233173370361 ...
              0.42398285865783691 0.45740205049514771 0.45147144794464111 ...
              -0.18944242596626282 -0.012731346301734447 -0.28816536068916321 ...
              -0.4839707612991333 -0.58763206005096436 -0.65409374237060547 ...
              -0.29091602563858032 -0.39384046196937561 -0.33726894855499268 ...
              -0.3086504340171814 2.2745921611785889 2.3047676086425781 ...
              2.2340004444122314 2.1914894580841064 2.0606262683868408 ...
              2.0370304584503174 2.1992275714874268 2.1419754028320313 ...
              1.9151420593261719 1.8716104030609131 0.16393832862377167 ...
              0.17163181304931641 0.032917555421590805 -0.049107179045677185 ...
              -0.022672215476632118 -0.02590012364089489 0.27193936705589294 ...
              0.44820877909660339 0.31122320890426636 0.26556134223937988 ...
              -0.19315272569656372 -0.011701388284564018 -0.2873217761516571 ...
              -0.46607083082199097 -0.62476789951324463 -0.68805032968521118 ...
              -0.28821659088134766 -0.34625470638275146 -0.52347713708877563 ...
              -0.58255130052566528 2.2818410396575928 2.3143177032470703 ...
              2.2606604099273682 2.2102706432342529 2.1405313014984131 ...
              2.1052608489990234 2.2124636173248291 2.1049935817718506 ...
              2.0353906154632568 2.0161552429199219 0.13827653229236603 ...
              0.15028929710388184 -0.012596461921930313 -0.047917760908603668 ...
              -0.047900035977363586 -0.065095029771327972 0.28225964307785034 ...
              0.41168415546417236 0.400373637676239 0.40441203117370605 ...
              -0.20167873799800873 -0.0086188642308115959 -0.31806710362434387 ...
              -0.51557743549346924 -0.68174493312835693 -0.74232977628707886 ...
              -0.28751856088638306 -0.36120140552520752 -0.32323759794235229 ...
              -0.30231210589408875 2.3015024662017822 2.3133463859558105 ...
              2.2402212619781494 2.1917901039123535 2.0645267963409424 ...
              2.0282020568847656 2.2354893684387207 2.1996536254882813 ...
              1.9892755746841431 1.8654409646987915 0.12812694907188416 ...
              0.14651530981063843 -0.013281182385981083 -0.063108809292316437 ...
              -0.084275096654891968 -0.08156275749206543 0.27419671416282654 ...
              0.44343766570091248 0.54132986068725586 0.57305222749710083 ...
              -0.18932317197322845 0.0025086200330406427 -0.29713225364685059 ...
              -0.52801030874252319 -0.7030491828918457 -0.77541661262512207 ...
              -0.29015856981277466 -0.42075347900390625 -0.28609281778335571 ...
              -0.21900756657123566 2.2658779621124268 2.2892458438873291 ...
              2.1914608478546143 2.1581707000732422 2.0715091228485107 ...
              2.0293631553649902 2.2370462417602539 2.2013611793518066 ...
              2.0947821140289307 2.0558726787567139 0.1810922771692276 ...
              0.2136780321598053 0.043785188347101212 -0.0077316164970397949 ...
              -0.012438930571079254 -0.021870596334338188 0.315900981426239 ...
              0.48369181156158447 0.565312385559082 0.54405075311660767 ...
              -0.36988583207130432 -0.16907069087028503 -0.47000396251678467 ...
              -0.71426546573638916 -0.86183077096939087 -0.93021303415298462 ...
              -0.46470180153846741 -0.54938805103302 -0.54834413528442383 ...
              -0.50880438089370728 2.7597241401672363 2.8017361164093018 ...
              2.6680588722229004 2.5959439277648926 2.4675676822662354 ...
              2.4288432598114014 2.6973488330841064 2.6725296974182129 ...
              2.4911644458770752 2.425978422164917 0.16088373959064484 ...
              0.19879859685897827 0.039721623063087463 -0.03451879695057869 ...
              -0.043323229998350143 -0.041070539504289627 0.30103775858879089 ...
              0.48667669296264648 0.62894672155380249 0.66789859533309937 ...
              -0.35455179214477539 -0.16592676937580109 -0.45977431535720825 ...
              -0.68277466297149658 -0.85236221551895142 -0.91604620218276978 ...
              -0.46924528479576111 -0.60685396194458008 -0.4662824273109436 ...
              -0.40239113569259644 2.7534632682800293 2.8166241645812988 ...
              2.6576738357543945 2.5746970176696777 2.4532043933868408 ...
